names,embedding0,embedding1,embedding2,embedding3,embedding4,embedding5,embedding6,embedding7,embedding8,embedding9
Counter-Strike,0.17483811285846437,0.08233117483811286,0.11748381128584644,0.11840888066604996,0.01942645698427382,0.02312673450508788,0.10638297872340426,0.1757631822386679,0.14153561517113783,0.04070305272895467
Orcs Must Die!,0.17907801418439717,0.22872340425531915,0.008865248226950355,0.20390070921985815,0.02127659574468085,0.0425531914893617,0.1595744680851064,0.005319148936170213,0.028368794326241134,0.12234042553191489
Aokana - Four Rhythms Across the Blue,0.0,0.09782608695652174,0.024456521739130436,0.008152173913043478,0.07336956521739131,0.019021739130434784,0.15760869565217392,0.15217391304347827,0.453804347826087,0.01358695652173913
A Short Hike,0.001584786053882726,0.1838351822503962,0.03169572107765452,0.07923930269413629,0.01584786053882726,0.04120443740095087,0.06656101426307448,0.16164817749603805,0.347068145800317,0.07131537242472266
Terraria,0.1116751269035533,0.10152284263959391,0.01015228426395939,0.2182741116751269,0.02030456852791878,0.08121827411167512,0.005076142131979695,0.233502538071066,0.17766497461928935,0.04060913705583756
Ori and the Will of the Wisps,0.06912442396313365,0.15207373271889402,0.029953917050691243,0.1935483870967742,0.02534562211981567,0.004608294930875576,0.07834101382488479,0.04608294930875576,0.013824884792626729,0.3870967741935484
Gravitas,0.01757469244288225,0.16695957820738136,0.054481546572934976,0.03163444639718805,0.14938488576449913,0.20738137082601055,0.08787346221441125,0.026362038664323375,0.1634446397188049,0.09490333919156414
Kind Words (lo fi chill beats to write to),0.0029282576866764276,0.007320644216691069,0.12298682284040996,0.08052708638360176,0.024890190336749635,0.01171303074670571,0.017569546120058566,0.28111273792093705,0.06881405563689605,0.3821376281112738
Bastion,0.0045385779122541605,0.1573373676248109,0.05143721633888049,0.012102874432677761,0.07110438729198185,0.1059001512859304,0.009077155824508321,0.1815431164901664,0.291981845688351,0.11497730711043873
Before Your Eyes,0.057971014492753624,0.05676328502415459,0.0012077294685990338,0.020531400966183576,0.1570048309178744,0.1280193236714976,0.11594202898550725,0.20531400966183574,0.050724637681159424,0.20652173913043478
Bug Fables: The Everlasting Sapling,0.007281553398058253,0.009708737864077669,0.3446601941747573,0.012135922330097087,0.01699029126213592,0.0412621359223301,0.25970873786407767,0.2621359223300971,0.0024271844660194173,0.043689320388349516
The Henry Stickmin Collection,0.11079136690647481,0.18992805755395684,0.060431654676258995,0.004316546762589928,0.0028776978417266188,0.0057553956834532375,0.18273381294964028,0.27913669064748203,0.1510791366906475,0.012949640287769784
Tales of the Black Forest,0.06015037593984962,0.011278195488721804,0.007518796992481203,0.05639097744360902,0.5375939849624061,0.07142857142857142,0.09774436090225563,0.02631578947368421,0.10150375939849623,0.03007518796992481
Monster Train,0.18893678160919541,0.04310344827586207,0.10201149425287356,0.0617816091954023,0.033764367816091954,0.02442528735632184,0.1896551724137931,0.1235632183908046,0.1400862068965517,0.09267241379310345
People Playground,0.12139917695473251,0.40329218106995884,0.018518518518518517,0.00411522633744856,0.03909465020576132,0.00823045267489712,0.037037037037037035,0.030864197530864196,0.06790123456790123,0.26954732510288065
Sayonara Wild Hearts,0.002785515320334262,0.1392757660167131,0.022284122562674095,0.18662952646239556,0.019498607242339833,0.008356545961002786,0.005571030640668524,0.3370473537604457,0.18384401114206128,0.0947075208913649
Being a DIK - Season 1,0.002398081534772182,0.1223021582733813,0.10551558752997602,0.3237410071942446,0.11031175059952038,0.2302158273381295,0.023980815347721823,0.007194244604316547,0.04316546762589928,0.03117505995203837
Mindustry,0.011029411764705883,0.034926470588235295,0.22426470588235295,0.003676470588235294,0.1636029411764706,0.36213235294117646,0.001838235294117647,0.007352941176470588,0.14522058823529413,0.04595588235294118
Our Life: Beginnings & Always,0.07628524046434494,0.17412935323383086,0.0845771144278607,0.439469320066335,0.001658374792703151,0.01658374792703151,0.003316749585406302,0.014925373134328358,0.15920398009950248,0.029850746268656716
The Binding of Isaac,0.1468189233278956,0.0016313213703099511,0.004893964110929853,0.1272430668841762,0.040783034257748776,0.2544861337683524,0.009787928221859706,0.026101141924959218,0.2561174551386623,0.13213703099510604
Monster Prom 2: Monster Camp,0.0011148272017837235,0.19286510590858416,0.22073578595317725,0.006688963210702341,0.06465997770345597,0.0379041248606466,0.007803790412486065,0.29654403567447046,0.02564102564102564,0.14604236343366778
Senren＊Banka,0.07105263157894737,0.14736842105263157,0.15263157894736842,0.04473684210526316,0.3526315789473684,0.018421052631578946,0.002631578947368421,0.06315789473684211,0.13421052631578947,0.013157894736842105
OMORI,0.06743185078909612,0.15351506456241032,0.00860832137733142,0.321377331420373,0.011477761836441894,0.043041606886657105,0.03873744619799139,0.15494978479196556,0.15208034433285508,0.04878048780487805
Grimm's Hollow,0.15597667638483964,0.20845481049562684,0.037900874635568516,0.007288629737609329,0.008746355685131196,0.12244897959183673,0.0728862973760933,0.15743440233236153,0.021865889212827987,0.20699708454810495
The Supper,0.16810344827586207,0.008620689655172414,0.01293103448275862,0.06465517241379311,0.08189655172413793,0.03879310344827586,0.13793103448275862,0.15948275862068967,0.21551724137931033,0.11206896551724138
Star Fetchers,0.09649122807017543,0.07017543859649122,0.015350877192982455,0.3815789473684211,0.013157894736842105,0.021929824561403508,0.017543859649122806,0.041666666666666664,0.2850877192982456,0.05701754385964912
Resident Evil Village,0.014314928425357873,0.05930470347648262,0.08384458077709611,0.05112474437627812,0.06748466257668712,0.006134969325153374,0.0408997955010225,0.10633946830265849,0.5460122699386503,0.024539877300613498
Marco & The Galaxy Dragon,0.09387755102040816,0.04081632653061224,0.07346938775510205,0.17959183673469387,0.1306122448979592,0.004081632653061225,0.024489795918367346,0.21224489795918366,0.22040816326530613,0.02040816326530612
ULTRAKILL,0.1350164654226125,0.0043907793633369925,0.1394072447859495,0.19209659714599342,0.07354555433589462,0.03402854006586169,0.19099890230515917,0.1163556531284303,0.05159165751920966,0.06256860592755215
ATRI -My Dear Moments-,0.13793103448275862,0.011494252873563218,0.02681992337164751,0.10344827586206896,0.06513409961685823,0.21455938697318008,0.2222222222222222,0.19540229885057472,0.019157088122605363,0.0038314176245210726
Yakuza: Like a Dragon,0.012658227848101266,0.05569620253164557,0.25316455696202533,0.006329113924050633,0.02278481012658228,0.25443037974683547,0.12151898734177215,0.06582278481012659,0.03417721518987342,0.17341772151898735
Titanfall® 2,0.08068902991840435,0.11604714415231188,0.18313689936536717,0.09066183136899365,0.14324569356300998,0.051677243880326386,0.2456935630099728,0.03989120580235721,0.02901178603807797,0.019945602901178604
There Is No Game: Wrong Dimension,0.2646657571623465,0.2305593451568895,0.017735334242837655,0.0791268758526603,0.1432469304229195,0.03137789904502047,0.0068212824010914054,0.021828103683492497,0.19918144611186903,0.005457025920873124
There Is No Game: Jam Edition 2015,0.010416666666666666,0.203125,0.015625,0.052083333333333336,0.09895833333333333,0.09375,0.19270833333333334,0.06770833333333333,0.2604166666666667,0.005208333333333333
Killing Floor,0.2070393374741201,0.028985507246376812,0.14078674948240166,0.07867494824016563,0.010351966873706004,0.4658385093167702,0.002070393374741201,0.022774327122153208,0.037267080745341616,0.006211180124223602
Portal Reloaded,0.11379310344827587,0.10689655172413794,0.010344827586206896,0.03793103448275862,0.47586206896551725,0.034482758620689655,0.027586206896551724,0.1,0.017241379310344827,0.07586206896551724
pureya,0.0440251572327044,0.019916142557651992,0.12054507337526206,0.01781970649895178,0.129979035639413,0.1750524109014675,0.2851153039832285,0.15513626834381553,0.027253668763102725,0.025157232704402517
Riddle Joker,0.0920353982300885,0.35929203539823007,0.2991150442477876,0.06017699115044248,0.01415929203539823,0.03185840707964602,0.005309734513274336,0.05132743362831858,0.08495575221238938,0.0017699115044247787
Samsara Room,0.043333333333333335,0.12333333333333334,0.0033333333333333335,0.11,0.05,0.02666666666666667,0.16666666666666666,0.023333333333333334,0.43333333333333335,0.02
tModLoader,0.020338983050847456,0.06440677966101695,0.0847457627118644,0.003389830508474576,0.01694915254237288,0.15593220338983052,0.07457627118644068,0.14576271186440679,0.39661016949152544,0.03728813559322034
Post Void,0.11511511511511512,0.06906906906906907,0.01901901901901902,0.08608608608608609,0.044044044044044044,0.04704704704704705,0.05305305305305305,0.16616616616616617,0.12712712712712712,0.2732732732732733
Firework,0.09952978056426333,0.041536050156739814,0.16065830721003135,0.02821316614420063,0.13871473354231975,0.012539184952978056,0.13244514106583072,0.07210031347962383,0.1590909090909091,0.15517241379310345
Helltaker,0.038461538461538464,0.11538461538461539,0.00641025641025641,0.023504273504273504,0.11965811965811966,0.021367521367521368,0.2329059829059829,0.15384615384615385,0.21153846153846154,0.07692307692307693
PowerWash Simulator,0.13447432762836187,0.1198044009779951,0.0024449877750611247,0.11491442542787286,0.10268948655256724,0.16381418092909536,0.034229828850855744,0.2371638141809291,0.019559902200488997,0.07090464547677261
Townscaper,0.05979643765903308,0.001272264631043257,0.021628498727735368,0.029262086513994912,0.12849872773536897,0.2875318066157761,0.09287531806615776,0.3486005089058524,0.013994910941475827,0.01653944020356234
Cube Escape Collection,0.04054054054054054,0.0891891891891892,0.23513513513513515,0.20810810810810812,0.01891891891891892,0.021621621621621623,0.11081081081081082,0.002702702702702703,0.13783783783783785,0.13513513513513514
shapez.io,0.027522935779816515,0.07033639143730887,0.0061162079510703364,0.0856269113149847,0.2415902140672783,0.01834862385321101,0.2782874617737003,0.039755351681957186,0.0030581039755351682,0.22935779816513763
The Room 4: Old Sins,0.11178247734138973,0.021148036253776436,0.045317220543806644,0.45317220543806647,0.0030211480362537764,0.09063444108761329,0.04229607250755287,0.20241691842900303,0.006042296072507553,0.02416918429003021
Dyson Sphere Program,0.2029197080291971,0.030656934306569343,0.33138686131386863,0.00145985401459854,0.09781021897810219,0.06569343065693431,0.07153284671532846,0.00291970802919708,0.017518248175182483,0.1781021897810219
Virtual Cottage,0.010273972602739725,0.06678082191780822,0.1815068493150685,0.0017123287671232876,0.1678082191780822,0.3287671232876712,0.003424657534246575,0.008561643835616438,0.2054794520547945,0.025684931506849314
NEKOPARA Vol. 4,0.2057142857142857,0.025714285714285714,0.16,0.017142857142857144,0.13428571428571429,0.008571428571428572,0.05142857142857143,0.22,0.17142857142857143,0.005714285714285714
Tiny Bunny,0.026578073089700997,0.006644518272425249,0.1461794019933555,0.10631229235880399,0.16279069767441862,0.1362126245847176,0.10963455149501661,0.016611295681063124,0.08970099667774087,0.19933554817275748
It Takes Two,0.08483290488431877,0.055269922879177376,0.11311053984575835,0.2930591259640103,0.033419023136246784,0.005141388174807198,0.10796915167095116,0.010282776349614395,0.038560411311053984,0.2583547557840617
Maitetsu:Last Run!!,0.12735849056603774,0.007075471698113208,0.08490566037735849,0.06367924528301887,0.04009433962264151,0.01650943396226415,0.12264150943396226,0.0023584905660377358,0.4669811320754717,0.06839622641509434
Dorfromantik,0.06225165562913907,0.08874172185430464,0.05562913907284768,0.010596026490066225,0.29403973509933773,0.0013245033112582781,0.09933774834437085,0.10198675496688742,0.1456953642384106,0.1403973509933775
SuchArt: Creative Space,0.011658031088082901,0.0025906735751295338,0.2979274611398964,0.10233160621761658,0.08678756476683938,0.23186528497409326,0.07124352331606218,0.009067357512953367,0.12694300518134716,0.05958549222797927
Word Game: Episode 0,0.027496382054992764,0.1085383502170767,0.15340086830680175,0.010130246020260492,0.3357452966714906,0.2301013024602026,0.001447178002894356,0.07380607814761216,0.002894356005788712,0.056439942112879886
Aventura Copilului Albastru și Urât,0.11428571428571428,0.023376623376623377,0.15584415584415584,0.08311688311688312,0.2571428571428571,0.13506493506493505,0.04935064935064935,0.025974025974025976,0.07012987012987013,0.08571428571428572
Gorilla Tag,0.010922330097087379,0.08131067961165049,0.33859223300970875,0.05946601941747573,0.01820388349514563,0.09101941747572816,0.012135922330097087,0.23179611650485438,0.07402912621359223,0.0825242718446602
Muck,0.014846235418875928,0.08483563096500531,0.012725344644750796,0.07104984093319194,0.016967126193001062,0.04984093319194061,0.29692470837751855,0.036055143160127257,0.2142099681866384,0.20254506892895016
Batman: Arkham City - Game of the Year Edition,0.008939974457215836,0.20561941251596424,0.010217113665389528,0.0842911877394636,0.20689655172413793,0.0970625798212005,0.22988505747126436,0.10600255427841634,0.035759897828863345,0.01532567049808429
Tomb Raider,0.07612456747404844,0.00922722029988466,0.02768166089965398,0.09457900807381776,0.014994232987312572,0.18685121107266436,0.040369088811995385,0.01845444059976932,0.32410611303344866,0.20761245674740483
Castle Crashers®,0.013953488372093023,0.04186046511627907,0.037209302325581395,0.20465116279069767,0.020930232558139535,0.17674418604651163,0.011627906976744186,0.17209302325581396,0.07906976744186046,0.24186046511627907
Gunpoint,0.04475703324808184,0.00639386189258312,0.01278772378516624,0.0639386189258312,0.36061381074168797,0.159846547314578,0.29923273657289,0.008951406649616368,0.0038363171355498722,0.03964194373401535
To the Moon,0.1039426523297491,0.08960573476702509,0.010752688172043012,0.017921146953405017,0.3046594982078853,0.09498207885304659,0.03046594982078853,0.2849462365591398,0.016129032258064516,0.04659498207885305
The Walking Dead,0.0989010989010989,0.01098901098901099,0.17994505494505494,0.21978021978021978,0.09615384615384616,0.034340659340659344,0.24862637362637363,0.04395604395604396,0.005494505494505495,0.061813186813186816
FTL: Faster Than Light,0.018315018315018316,0.02197802197802198,0.08424908424908426,0.2857142857142857,0.09157509157509157,0.01098901098901099,0.0695970695970696,0.05860805860805861,0.029304029304029304,0.32967032967032966
South Park™: The Stick of Truth™,0.21413721413721415,0.05405405405405406,0.2151767151767152,0.02079002079002079,0.007276507276507277,0.035343035343035345,0.13721413721413722,0.13825363825363826,0.06548856548856549,0.11226611226611227
Dishonored,0.18067226890756302,0.0070028011204481795,0.004201680672268907,0.14565826330532214,0.04481792717086835,0.2507002801120448,0.022408963585434174,0.24789915966386555,0.04061624649859944,0.056022408963585436
Hotline Miami,0.0780559646539028,0.016200294550810016,0.0014727540500736377,0.19145802650957292,0.035346097201767304,0.008836524300441826,0.011782032400589101,0.1325478645066274,0.3475699558173785,0.17673048600883653
Half-Life 2,0.014760147601476014,0.11623616236162361,0.32287822878228783,0.11254612546125461,0.28044280442804426,0.00922509225092251,0.027675276752767528,0.023985239852398525,0.02214022140221402,0.07011070110701106
Age of Empires II (2013),0.09065550906555091,0.2900976290097629,0.030683403068340307,0.1589958158995816,0.06415620641562064,0.20362622036262204,0.008368200836820083,0.14365411436541142,0.005578800557880056,0.0041841004184100415
Super Hexagon,0.09689922480620156,0.15503875968992248,0.007751937984496124,0.26356589147286824,0.060723514211886306,0.011627906976744186,0.059431524547803614,0.09819121447028424,0.016795865633074936,0.22997416020671835
The Elder Scrolls IV: Oblivion® Game of the Year Edition,0.18323863636363635,0.19318181818181818,0.009943181818181818,0.011363636363636364,0.03977272727272727,0.13352272727272727,0.056818181818181816,0.14772727272727273,0.06392045454545454,0.16051136363636365
POSTAL 2,0.061068702290076333,0.05534351145038168,0.007633587786259542,0.3301526717557252,0.0019083969465648854,0.04580152671755725,0.07633587786259542,0.022900763358778626,0.0057251908396946565,0.3931297709923664
Euro Truck Simulator 2,0.3741496598639456,0.018140589569160998,0.17913832199546487,0.10204081632653061,0.09523809523809523,0.17233560090702948,0.006802721088435374,0.02040816326530612,0.0045351473922902496,0.027210884353741496
Outlast,0.06356589147286822,0.0031007751937984496,0.12713178294573643,0.08062015503875969,0.18294573643410852,0.017054263565891473,0.018604651162790697,0.17984496124031008,0.27906976744186046,0.04806201550387597
BattleBlock Theater®,0.009345794392523364,0.08037383177570094,0.2616822429906542,0.016822429906542057,0.024299065420560748,0.2336448598130841,0.16448598130841122,0.001869158878504673,0.020560747663551402,0.18691588785046728
"Papers, Please",0.03398058252427184,0.038834951456310676,0.02912621359223301,0.024271844660194174,0.4368932038834951,0.10194174757281553,0.043689320388349516,0.014563106796116505,0.22330097087378642,0.05339805825242718
Dying Light: Enhanced Edition,0.038926174496644296,0.042953020134228186,0.2644295302013423,0.11946308724832215,0.11006711409395974,0.09395973154362416,0.009395973154362415,0.1597315436241611,0.1395973154362416,0.021476510067114093
Game Dev Tycoon,0.0744336569579288,0.045307443365695796,0.3786407766990291,0.016181229773462782,0.01779935275080906,0.059870550161812294,0.008090614886731391,0.02912621359223301,0.20388349514563106,0.16666666666666666
Counter-Strike: Source,0.3018867924528302,0.33254716981132076,0.049528301886792456,0.08962264150943396,0.025943396226415096,0.0023584905660377358,0.018867924528301886,0.0589622641509434,0.054245283018867926,0.0660377358490566
Nuclear Throne,0.09602194787379972,0.03292181069958848,0.0877914951989026,0.0013717421124828531,0.15089163237311384,0.00823045267489712,0.26474622770919065,0.21536351165980797,0.02194787379972565,0.12071330589849108
The Forest,0.09009009009009009,0.08408408408408409,0.024024024024024024,0.06906906906906907,0.003003003003003003,0.006006006006006006,0.2912912912912913,0.0960960960960961,0.14714714714714713,0.1891891891891892
Kingdom Rush  - Tower Defense,0.13662790697674418,0.3008720930232558,0.14680232558139536,0.09593023255813954,0.0029069767441860465,0.18313953488372092,0.015988372093023256,0.02616279069767442,0.023255813953488372,0.06831395348837209
Crypt of the NecroDancer,0.00967741935483871,0.025806451612903226,0.03064516129032258,0.13870967741935483,0.0064516129032258064,0.20806451612903226,0.054838709677419356,0.15161290322580645,0.18225806451612903,0.19193548387096773
The Wolf Among Us,0.00975609756097561,0.05853658536585366,0.1975609756097561,0.05,0.3475609756097561,0.041463414634146344,0.22073170731707317,0.006097560975609756,0.06341463414634146,0.004878048780487805
Shovel Knight: Treasure Trove,0.10068027210884353,0.2857142857142857,0.04625850340136054,0.1727891156462585,0.12789115646258503,0.013605442176870748,0.024489795918367346,0.09387755102040816,0.021768707482993196,0.11292517006802721
The Binding of Isaac: Rebirth,0.013015184381778741,0.31670281995661603,0.13882863340563992,0.06941431670281996,0.18655097613882862,0.16919739696312364,0.01735357917570499,0.008676789587852495,0.04772234273318872,0.03253796095444685
Grimm,0.006042296072507553,0.06797583081570997,0.36253776435045315,0.14350453172205438,0.0256797583081571,0.022658610271903322,0.019637462235649546,0.052870090634441085,0.1283987915407855,0.17069486404833836
A Hat in Time,0.10514541387024609,0.10067114093959731,0.0022371364653243847,0.0447427293064877,0.040268456375838924,0.049217002237136466,0.08501118568232663,0.09395973154362416,0.008948545861297539,0.4697986577181208
The Talos Principle,0.07556675062972293,0.005037783375314861,0.05037783375314862,0.12846347607052896,0.027707808564231738,0.12090680100755667,0.17632241813602015,0.010075566750629723,0.05793450881612091,0.34760705289672544
The Walking Dead: Season Two,0.016592920353982302,0.14491150442477876,0.17699115044247787,0.09292035398230089,0.07964601769911504,0.02765486725663717,0.17920353982300885,0.07743362831858407,0.004424778761061947,0.2002212389380531
Ori and the Blind Forest,0.03618421052631579,0.013157894736842105,0.006578947368421052,0.3026315789473684,0.04276315789473684,0.09868421052631579,0.24342105263157895,0.13815789473684212,0.06578947368421052,0.05263157894736842
One Finger Death Punch,0.012802275960170697,0.015647226173541962,0.09815078236130868,0.007112375533428165,0.155049786628734,0.18776671408250356,0.25889046941678523,0.20483641536273114,0.04551920341394026,0.01422475106685633
Subnautica,0.03804347826086957,0.08423913043478261,0.07608695652173914,0.41304347826086957,0.021739130434782608,0.18478260869565216,0.010869565217391304,0.1331521739130435,0.03260869565217391,0.005434782608695652
American Truck Simulator,0.017130620985010708,0.3533190578158458,0.16916488222698073,0.04925053533190578,0.006423982869379015,0.019271948608137045,0.08993576017130621,0.0021413276231263384,0.02569593147751606,0.2676659528907923
Broforce,0.15163934426229508,0.020491803278688523,0.10860655737704918,0.18032786885245902,0.06557377049180328,0.036885245901639344,0.006147540983606557,0.1413934426229508,0.018442622950819672,0.27049180327868855
SOMA,0.17202797202797201,0.16223776223776223,0.0951048951048951,0.11468531468531469,0.002797202797202797,0.33986013986013985,0.043356643356643354,0.046153846153846156,0.005594405594405594,0.01818181818181818
Tabletop Simulator,0.3226744186046512,0.061046511627906974,0.19476744186046513,0.11046511627906977,0.125,0.06395348837209303,0.029069767441860465,0.046511627906976744,0.040697674418604654,0.005813953488372093
Mini Metro,0.0071090047393364926,0.2476303317535545,0.14928909952606634,0.06990521327014218,0.013033175355450236,0.2156398104265403,0.005924170616113744,0.1066350710900474,0.054502369668246446,0.13033175355450238
The Room,0.013719512195121951,0.021341463414634148,0.15548780487804878,0.25,0.0625,0.22713414634146342,0.19207317073170732,0.010670731707317074,0.05030487804878049,0.01676829268292683
RimWorld,0.001336898395721925,0.05080213903743316,0.026737967914438502,0.008021390374331552,0.04144385026737968,0.28342245989304815,0.00267379679144385,0.32620320855614976,0.12433155080213903,0.13502673796791445
INSIDE,0.14347826086956522,0.002173913043478261,0.03260869565217391,0.2,0.008695652173913044,0.0891304347826087,0.1782608695652174,0.18043478260869567,0.06956521739130435,0.09565217391304348
Enter the Gungeon,0.15821501014198783,0.012170385395537525,0.02434077079107505,0.2231237322515213,0.002028397565922921,0.04462474645030426,0.0486815415821501,0.43204868154158216,0.034482758620689655,0.02028397565922921
Duck Game,0.03208556149732621,0.0427807486631016,0.0944741532976827,0.20320855614973263,0.1140819964349376,0.008912655971479501,0.0392156862745098,0.11051693404634581,0.016042780748663103,0.33868092691622104
The Expendabros,0.00468384074941452,0.00702576112412178,0.00234192037470726,0.0234192037470726,0.42857142857142855,0.17330210772833723,0.17798594847775176,0.04215456674473068,0.0936768149882904,0.0468384074941452
Portal Stories: Mel,0.017985611510791366,0.11151079136690648,0.02877697841726619,0.49640287769784175,0.007194244604316547,0.04316546762589928,0.03597122302158273,0.10431654676258993,0.07553956834532374,0.07913669064748201
Life is Strange - Episode 1,0.10303030303030303,0.09696969696969697,0.09090909090909091,0.07474747474747474,0.00404040404040404,0.23434343434343435,0.01818181818181818,0.00808080808080808,0.12525252525252525,0.24444444444444444
Don't Starve Together,0.012658227848101266,0.0379746835443038,0.06329113924050633,0.05063291139240506,0.43037974683544306,0.13291139240506328,0.006329113924050633,0.0949367088607595,0.02531645569620253,0.14556962025316456
CLANNAD,0.060714285714285714,0.21428571428571427,0.03214285714285714,0.02857142857142857,0.3,0.010714285714285714,0.06428571428571428,0.15,0.02142857142857143,0.11785714285714285
LEGO® Star Wars™ - The Complete Saga,0.07598039215686274,0.09803921568627451,0.21568627450980393,0.012254901960784314,0.18627450980392157,0.22794117647058823,0.08088235294117647,0.022058823529411766,0.049019607843137254,0.031862745098039214
STAR WARS™ Empire at War - Gold Pack,0.1821705426356589,0.006459948320413436,0.05167958656330749,0.23772609819121446,0.029715762273901807,0.028423772609819122,0.27906976744186046,0.003875968992248062,0.0103359173126615,0.17054263565891473
Everlasting Summer,0.1827956989247312,0.021505376344086023,0.2007168458781362,0.16487455197132617,0.010752688172043012,0.17204301075268819,0.06451612903225806,0.007168458781362007,0.14336917562724014,0.03225806451612903
NEKOPARA Vol. 1,0.10526315789473684,0.016333938294010888,0.003629764065335753,0.009074410163339383,0.2540834845735027,0.018148820326678767,0.24319419237749546,0.2885662431941924,0.014519056261343012,0.047186932849364795
Finding Paradise,0.08530805687203792,0.014218009478672985,0.24881516587677724,0.04265402843601896,0.27488151658767773,0.023696682464454975,0.061611374407582936,0.12559241706161137,0.035545023696682464,0.08767772511848342
HuniePop,0.10429447852760736,0.11042944785276074,0.012269938650306749,0.05521472392638037,0.09815950920245399,0.04294478527607362,0.12883435582822086,0.3803680981595092,0.03067484662576687,0.03680981595092025
Keep Talking and Nobody Explodes,0.05643564356435644,0.013861386138613862,0.009900990099009901,0.02277227722772277,0.0039603960396039604,0.2871287128712871,0.007920792079207921,0.020792079207920793,0.2881188118811881,0.2891089108910891
Besiege,0.049944506104328525,0.09433962264150944,0.06104328523862375,0.32519422863485015,0.022197558268590455,0.011098779134295227,0.0011098779134295228,0.27192008879023305,0.0244173140954495,0.13873473917869034
Batman: Arkham Asylum Game of the Year Edition,0.012307692307692308,0.010769230769230769,0.10153846153846154,0.24769230769230768,0.11692307692307692,0.1276923076923077,0.02,0.27692307692307694,0.023076923076923078,0.06307692307692307
Eternal Senia,0.26150121065375304,0.04116222760290557,0.014527845036319613,0.04600484261501211,0.08232445520581114,0.25181598062953997,0.1234866828087167,0.031476997578692496,0.021791767554479417,0.12590799031476999
Trine 2: Complete Story,0.19111111111111112,0.28444444444444444,0.05333333333333334,0.27111111111111114,0.022222222222222223,0.0044444444444444444,0.035555555555555556,0.02666666666666667,0.07111111111111111,0.04
Plants vs. Zombies GOTY Edition,0.023752969121140142,0.030878859857482184,0.040380047505938245,0.004750593824228029,0.21377672209026127,0.05938242280285035,0.1543942992874109,0.2992874109263658,0.007125890736342043,0.166270783847981
Downwell,0.1043956043956044,0.12637362637362637,0.14285714285714285,0.005494505494505495,0.09706959706959707,0.27106227106227104,0.0018315018315018315,0.1575091575091575,0.009157509157509158,0.08424908424908426
Fran Bow,0.001392757660167131,0.04456824512534819,0.23676880222841226,0.181058495821727,0.1573816155988858,0.04735376044568245,0.008356545961002786,0.006963788300835654,0.10724233983286909,0.20891364902506965
Black Mesa,0.010638297872340425,0.006382978723404255,0.32340425531914896,0.13404255319148936,0.031914893617021274,0.02553191489361702,0.00425531914893617,0.10425531914893617,0.3127659574468085,0.04680851063829787
Hollow Knight,0.006787330316742082,0.01583710407239819,0.17420814479638008,0.00904977375565611,0.25565610859728505,0.11538461538461539,0.04524886877828054,0.038461538461538464,0.17194570135746606,0.167420814479638
Hook,0.2267156862745098,0.15441176470588236,0.22303921568627452,0.006127450980392157,0.013480392156862746,0.00980392156862745,0.00857843137254902,0.30392156862745096,0.014705882352941176,0.0392156862745098
Ultimate Chicken Horse,0.049217002237136466,0.09395973154362416,0.013422818791946308,0.0044742729306487695,0.2639821029082774,0.22595078299776286,0.27740492170022374,0.008948545861297539,0.03803131991051454,0.024608501118568233
Ori and the Blind Forest: Definitive Edition,0.07249466950959488,0.01279317697228145,0.0042643923240938165,0.02771855010660981,0.15778251599147122,0.042643923240938165,0.16204690831556504,0.08955223880597014,0.39658848614072495,0.03411513859275053
Undertale,0.014634146341463415,0.11219512195121951,0.041463414634146344,0.1975609756097561,0.15121951219512195,0.12926829268292683,0.1,0.08048780487804878,0.13658536585365855,0.036585365853658534
Portal,0.1337719298245614,0.015350877192982455,0.08771929824561403,0.07675438596491228,0.3026315789473684,0.06359649122807018,0.017543859649122806,0.10964912280701754,0.006578947368421052,0.18640350877192982
Garry's Mod,0.03203342618384401,0.05988857938718663,0.0403899721448468,0.001392757660167131,0.005571030640668524,0.033426183844011144,0.40947075208913647,0.002785515320334262,0.41086350974930363,0.004178272980501393
Rabi-Ribi,0.0018796992481203006,0.06578947368421052,0.03195488721804511,0.005639097744360902,0.020676691729323307,0.4680451127819549,0.011278195488721804,0.06390977443609022,0.08834586466165413,0.2424812030075188
Princess Remedy in a World of Hurt,0.0022471910112359553,0.01348314606741573,0.3325842696629214,0.035955056179775284,0.02247191011235955,0.11235955056179775,0.04044943820224719,0.05393258426966292,0.1146067415730337,0.27191011235955054
Stronghold Crusader HD,0.11648079306071871,0.2577447335811648,0.15117719950433706,0.026022304832713755,0.12763320941759604,0.024783147459727387,0.007434944237918215,0.13878562577447337,0.12143742255266418,0.028500619578686492
TY the Tasmanian Tiger,0.021164021164021163,0.047619047619047616,0.044444444444444446,0.056084656084656084,0.31322751322751324,0.0010582010582010583,0.3142857142857143,0.042328042328042326,0.1544973544973545,0.005291005291005291
STEINS;GATE,0.006036217303822937,0.01609657947686117,0.096579476861167,0.11670020120724346,0.4124748490945674,0.06639839034205232,0.12474849094567404,0.11267605633802817,0.018108651911468814,0.030181086519114688
Danganronpa: Trigger Happy Havoc,0.3785557986870897,0.028446389496717725,0.18599562363238512,0.08096280087527352,0.02188183807439825,0.03938730853391685,0.06564551422319474,0.05470459518599562,0.0087527352297593,0.13566739606126915
Danganronpa 2: Goodbye Despair,0.0364963503649635,0.031630170316301706,0.019464720194647202,0.09975669099756691,0.043795620437956206,0.15085158150851583,0.024330900243309004,0.1362530413625304,0.17518248175182483,0.2822384428223844
S.T.A.L.K.E.R.: Call of Pripyat,0.030303030303030304,0.08225108225108226,0.032467532467532464,0.13636363636363635,0.08658008658008658,0.006493506493506494,0.0670995670995671,0.025974025974025976,0.06060606060606061,0.47186147186147187
Shadow Tactics: Blades of the Shogun,0.35664335664335667,0.28438228438228436,0.02564102564102564,0.10256410256410256,0.018648018648018648,0.1048951048951049,0.05827505827505827,0.006993006993006993,0.011655011655011656,0.030303030303030304
Half-Life 2: Episode Two,0.012364760432766615,0.0973724884080371,0.2704791344667697,0.0077279752704791345,0.23338485316846985,0.10819165378670788,0.20865533230293662,0.02009273570324575,0.023183925811437404,0.01854714064914992
NEKOPARA Vol. 2,0.16638655462184873,0.0033613445378151263,0.010084033613445379,0.2672268907563025,0.013445378151260505,0.030252100840336135,0.23529411764705882,0.043697478991596636,0.22521008403361345,0.005042016806722689
Iron Snout,0.2691588785046729,0.04672897196261682,0.08224299065420561,0.10654205607476636,0.016822429906542057,0.12897196261682242,0.2560747663551402,0.03177570093457944,0.020560747663551402,0.041121495327102804
The Room Two,0.0021141649048625794,0.10570824524312897,0.3150105708245243,0.06976744186046512,0.346723044397463,0.02959830866807611,0.014799154334038054,0.019027484143763214,0.08668076109936575,0.010570824524312896
Factorio,0.043052837573385516,0.11545988258317025,0.01761252446183953,0.011741682974559686,0.07436399217221135,0.0019569471624266144,0.03718199608610567,0.04500978473581213,0.2720156555772994,0.3816046966731898
Epic Battle Fantasy 5,0.001669449081803005,0.00333889816360601,0.01001669449081803,0.045075125208681135,0.05676126878130217,0.32387312186978295,0.2337228714524207,0.09015025041736227,0.22036727879799667,0.015025041736227046
Slime Rancher,0.03225806451612903,0.12186379928315412,0.2831541218637993,0.007168458781362007,0.017921146953405017,0.15053763440860216,0.17562724014336917,0.0931899641577061,0.014336917562724014,0.1039426523297491
Bit Blaster XL,0.06382978723404255,0.013297872340425532,0.0026595744680851063,0.3058510638297872,0.08244680851063829,0.02925531914893617,0.06648936170212766,0.11170212765957446,0.12234042553191489,0.20212765957446807
Divinity: Original Sin 2 - Definitive Edition,0.1810918774966711,0.03462050599201065,0.303595206391478,0.085219707057257,0.07723035952063914,0.013315579227696404,0.13715046604527298,0.05059920106524634,0.02796271637816245,0.08921438082556592
Hidden Folks,0.07928118393234672,0.04439746300211417,0.017970401691331923,0.1331923890063425,0.003171247357293869,0.10887949260042283,0.23890063424947147,0.31606765327695563,0.052854122621564484,0.005285412262156448
VA-11 Hall-A: Cyberpunk Bartender Action,0.012949640287769784,0.08920863309352518,0.004316546762589928,0.4316546762589928,0.33093525179856115,0.008633093525179856,0.03884892086330935,0.02446043165467626,0.014388489208633094,0.04460431654676259
S.T.A.L.K.E.R.: Shadow of Chernobyl,0.014598540145985401,0.0010427528675703858,0.04171011470281543,0.31386861313868614,0.03962460896767466,0.0031282586027111575,0.03232533889468196,0.2273201251303441,0.3149113660062565,0.011470281543274244
"Hot Dogs, Horseshoes & Hand Grenades",0.003194888178913738,0.01597444089456869,0.15495207667731628,0.001597444089456869,0.09744408945686901,0.29233226837060705,0.022364217252396165,0.31309904153354634,0.012779552715654952,0.08626198083067092
The Room Three,0.0014044943820224719,0.21067415730337077,0.20926966292134833,0.021067415730337078,0.009831460674157303,0.05758426966292135,0.07162921348314606,0.046348314606741575,0.35252808988764045,0.019662921348314606
Oxygen Not Included,0.043121149897330596,0.19096509240246407,0.004106776180698152,0.06365503080082136,0.061601642710472276,0.04106776180698152,0.022587268993839837,0.10061601642710473,0.006160164271047228,0.46611909650924027
Katana ZERO,0.055345911949685536,0.013836477987421384,0.07169811320754717,0.0012578616352201257,0.27044025157232704,0.06666666666666667,0.23647798742138365,0.04025157232704402,0.2050314465408805,0.0389937106918239
Total War: MEDIEVAL II – Definitive Edition,0.04896907216494845,0.16494845360824742,0.13788659793814434,0.24097938144329897,0.05154639175257732,0.029639175257731958,0.005154639175257732,0.03608247422680412,0.006443298969072165,0.27835051546391754
Mount & Blade: Warband,0.404,0.0013333333333333333,0.12933333333333333,0.018666666666666668,0.14933333333333335,0.06,0.030666666666666665,0.15866666666666668,0.04533333333333334,0.0026666666666666666
klocki,0.3559077809798271,0.007204610951008645,0.011527377521613832,0.01585014409221902,0.01729106628242075,0.3573487031700288,0.0893371757925072,0.07492795389048991,0.023054755043227664,0.04755043227665706
Left 4 Dead,0.03636363636363636,0.18181818181818182,0.0025974025974025974,0.02077922077922078,0.007792207792207792,0.16883116883116883,0.0987012987012987,0.2961038961038961,0.11948051948051948,0.06753246753246753
Celeste,0.017114914425427872,0.007334963325183374,0.04156479217603912,0.009779951100244499,0.22493887530562348,0.019559902200488997,0.1295843520782396,0.18092909535452323,0.07334963325183375,0.29584352078239606
Totally Accurate Battle Simulator,0.10129310344827586,0.14439655172413793,0.07327586206896551,0.03879310344827586,0.01939655172413793,0.1336206896551724,0.008620689655172414,0.2413793103448276,0.2025862068965517,0.036637931034482756
Zup! X,0.15804597701149425,0.017241379310344827,0.1752873563218391,0.21551724137931033,0.0028735632183908046,0.14367816091954022,0.014367816091954023,0.04885057471264368,0.16379310344827586,0.0603448275862069
Glass Masquerade,0.0,0.06467661691542288,0.2736318407960199,0.04477611940298507,0.009950248756218905,0.03980099502487562,0.024875621890547265,0.5074626865671642,0.004975124378109453,0.029850746268656716
Streets of Rogue,0.023752969121140142,0.15201900237529692,0.19477434679334918,0.011876484560570071,0.1021377672209026,0.014251781472684086,0.2042755344418052,0.1163895486935867,0.07600950118764846,0.10451306413301663
DUSK,0.0897571277719113,0.004223864836325237,0.042238648363252376,0.0010559662090813093,0.008447729672650475,0.13199577613516367,0.21013727560718057,0.09398099260823653,0.15205913410770855,0.26610348468849
Satisfactory,0.01048951048951049,0.08041958041958042,0.07342657342657342,0.17132867132867133,0.4090909090909091,0.08741258741258741,0.006993006993006993,0.04895104895104895,0.0034965034965034965,0.10839160839160839
Just Shapes & Beats,0.0018115942028985507,0.15942028985507245,0.11594202898550725,0.07789855072463768,0.012681159420289856,0.38768115942028986,0.10326086956521739,0.08514492753623189,0.018115942028985508,0.03804347826086957
Sally Face - Episode One,0.0136986301369863,0.2328767123287671,0.08113804004214963,0.11064278187565858,0.08851422550052687,0.18651211801896733,0.18124341412012646,0.006322444678609062,0.009483667017913594,0.08956796628029505
Half-Life: Alyx,0.05132450331125828,0.013245033112582781,0.16887417218543047,0.004966887417218543,0.25165562913907286,0.2913907284768212,0.054635761589403975,0.10264900662251655,0.008278145695364239,0.052980132450331126
Deep Rock Galactic,0.30104321907600595,0.005961251862891207,0.046199701937406856,0.029806259314456036,0.06110283159463487,0.3353204172876304,0.03278688524590164,0.13859910581222057,0.011922503725782414,0.037257824143070044
Left 4 Dead 2,0.06570841889117043,0.2053388090349076,0.13963039014373715,0.07802874743326489,0.1437371663244353,0.002053388090349076,0.006160164271047228,0.13141683778234087,0.0944558521560575,0.13347022587268995
Saints Row: The Third,0.0017985611510791368,0.008992805755395683,0.04316546762589928,0.02158273381294964,0.3597122302158273,0.046762589928057555,0.00539568345323741,0.37050359712230213,0.11330935251798561,0.02877697841726619
My Friend Pedro,0.05785123966942149,0.09421487603305785,0.01652892561983471,0.02975206611570248,0.3074380165289256,0.009917355371900827,0.23801652892561984,0.10082644628099173,0.1256198347107438,0.019834710743801654
Gorogoa,0.1664050235478807,0.009419152276295133,0.01098901098901099,0.07535321821036106,0.058084772370486655,0.007849293563579277,0.04709576138147567,0.16483516483516483,0.15855572998430142,0.30141287284144425
Opus Magnum,0.3578336557059961,0.0019342359767891683,0.009671179883945842,0.11411992263056092,0.31721470019342357,0.05415860735009671,0.02127659574468085,0.01160541586073501,0.017408123791102514,0.09477756286266925
Batman: Arkham City,0.0,0.0,0.0,0.0,0.0,0.0,0.0,0.0,0.5714285714285714,0.42857142857142855
Dead Cells,0.002751031636863824,0.16368638239339753,0.41815680880330125,0.048143053645116916,0.001375515818431912,0.011004126547455296,0.06740027510316368,0.15543328748280605,0.013755158184319119,0.11829436038514443
Clone Drone in the Danger Zone,0.030894308943089432,0.03577235772357724,0.07317073170731707,0.2861788617886179,0.02926829268292683,0.01788617886178862,0.04065040650406504,0.13821138211382114,0.06991869918699187,0.2780487804878049
West of Loathing,0.08559201141226819,0.007132667617689016,0.018544935805991442,0.20256776034236804,0.15263908701854492,0.18972895863052783,0.008559201141226819,0.19400855920114124,0.0884450784593438,0.052781740370898715
